========================================================================================================================
n = 4637979
classe mod 1024 = 283
max_debt = 16.532338
max_debt_step = 71
peak_step = 71
first_descent_step = 98
max_run_1 = 8
avg_v2 = 1.690141

Sequenza fino al massimo debito:
1,2,1,1,1,1,1,2,1,1,1,2,1,2,1,1,1,2,2,2,1,1,1,1,2,1,1,1,1,4,1,2,3,2,2,1,1,1,1,1,1,2,1,1,2,1,2,2,1,1,1,1,2,1,1,1,2,2,1,1,1,2,2,1,1,1,1,1,1,1,1

Sequenza fino al rientro sotto start:
1,2,1,1,1,1,1,2,1,1,1,2,1,2,1,1,1,2,2,2,1,1,1,1,2,1,1,1,1,4,1,2,3,2,2,1,1,1,1,1,1,2,1,1,2,1,2,2,1,1,1,1,2,1,1,1,2,2,1,1,1,2,2,1,1,1,1,1,1,1,1,2,4,1,1,2,1,1,1,2,2,1,2,3,1,6,1,5,4,1,7,1,1,2,2,2,1,3

========================================================================================================================
n = 3873535
classe mod 1024 = 767
max_debt = 16.172938
max_debt_step = 55
peak_step = 55
first_descent_step = 78
max_run_1 = 8
avg_v2 = 1.775862

Sequenza fino al massimo debito:
1,1,1,1,1,1,1,2,3,1,1,1,3,1,1,1,1,2,1,1,1,1,1,1,1,1,3,1,2,1,1,1,1,1,2,1,1,1,1,2,2,1,1,2,1,1,1,3,2,1,1,1,1,1,1

Sequenza fino al rientro sotto start:
1,1,1,1,1,1,1,2,3,1,1,1,3,1,1,1,1,2,1,1,1,1,1,1,1,1,3,1,2,1,1,1,1,1,2,1,1,1,1,2,2,1,1,2,1,1,1,3,2,1,1,1,1,1,1,3,4,1,6,2,1,3,2,1,2,5,2,1,2,1,2,2,4,1,1,3,2,2

========================================================================================================================
n = 3041127
classe mod 1024 = 871
max_debt = 16.058650
max_debt_step = 36
peak_step = 36
first_descent_step = 62
max_run_1 = 17
avg_v2 = 1.750000

Sequenza fino al massimo debito:
1,1,2,1,1,1,1,1,1,2,1,1,1,1,2,1,1,1,1,1,1,1,1,1,1,1,1,1,1,1,1,1,2,2,1,1

Sequenza fino al rientro sotto start:
1,1,2,1,1,1,1,1,1,2,1,1,1,1,2,1,1,1,1,1,1,1,1,1,1,1,1,1,1,1,1,1,2,2,1,1,2,3,3,5,1,1,1,2,1,1,2,2,2,3,2,2,3,2,2,1,2,1,6,3,1,6

========================================================================================================================
n = 3041391
classe mod 1024 = 111
max_debt = 15.512788
max_debt_step = 59
peak_step = 59
first_descent_step = 98
max_run_1 = 6
avg_v2 = 1.744526

Sequenza fino al massimo debito:
1,1,1,2,1,2,1,1,2,1,1,1,1,1,1,2,1,2,1,1,2,1,2,2,1,2,2,1,1,2,1,2,1,1,1,1,1,1,2,1,1,1,2,1,1,2,2,2,1,1,1,2,1,1,1,2,1,1,1

Sequenza fino al rientro sotto start:
1,1,1,2,1,2,1,1,2,1,1,1,1,1,1,2,1,2,1,1,2,1,2,2,1,2,2,1,1,2,1,2,1,1,1,1,1,1,2,1,1,1,2,1,1,2,2,2,1,1,1,2,1,1,1,2,1,1,1,2,3,1,3,4,5,1,5,1,2,1,1,1,2,1,1,1,2,1,1,3,2,1,3,1,1,2,1,4,1,1,3,2,4,1,1,1,4,3

========================================================================================================================
n = 4497567
classe mod 1024 = 159
max_debt = 15.493238
max_debt_step = 47
peak_step = 47
first_descent_step = 68
max_run_1 = 7
avg_v2 = 1.741259

Sequenza fino al massimo debito:
1,1,1,1,2,1,1,1,1,3,1,1,1,2,1,1,1,1,1,2,1,1,1,1,1,1,1,2,1,1,1,1,3,3,1,2,1,1,1,1,1,1,1,2,1,1,1

Sequenza fino al rientro sotto start:
1,1,1,1,2,1,1,1,1,3,1,1,1,2,1,1,1,1,1,2,1,1,1,1,1,1,1,2,1,1,1,1,3,3,1,2,1,1,1,1,1,1,1,2,1,1,1,3,3,3,3,3,3,3,3,3,3,1,2,3,1,1,1,1,1,4,1,3

========================================================================================================================
n = 4561691
classe mod 1024 = 795
max_debt = 15.473688
max_debt_step = 35
peak_step = 35
first_descent_step = 61
max_run_1 = 17
avg_v2 = 1.755725

Sequenza fino al massimo debito:
1,2,1,1,1,1,1,1,2,1,1,1,1,2,1,1,1,1,1,1,1,1,1,1,1,1,1,1,1,1,1,2,2,1,1

Sequenza fino al rientro sotto start:
1,2,1,1,1,1,1,1,2,1,1,1,1,2,1,1,1,1,1,1,1,1,1,1,1,1,1,1,1,1,1,2,2,1,1,2,3,3,5,1,1,1,2,1,1,2,2,2,3,2,2,3,2,2,1,2,1,6,3,1,6

========================================================================================================================
n = 2684647
classe mod 1024 = 743
max_debt = 15.418050
max_debt_step = 52
peak_step = 52
first_descent_step = 62
max_run_1 = 10
avg_v2 = 1.732877

Sequenza fino al massimo debito:
1,1,2,1,1,2,1,2,1,1,1,1,1,1,1,1,1,2,1,3,1,1,1,1,1,2,1,1,1,1,1,1,3,1,4,1,2,1,2,1,1,1,1,1,1,1,1,1,1,2,1,1

Sequenza fino al rientro sotto start:
1,1,2,1,1,2,1,2,1,1,1,1,1,1,1,1,1,2,1,3,1,1,1,1,1,2,1,1,1,1,1,1,3,1,4,1,2,1,2,1,1,1,1,1,1,1,1,1,1,2,1,1,4,3,1,1,3,2,4,2,9,3

========================================================================================================================
n = 3219199
classe mod 1024 = 767
max_debt = 15.418050
max_debt_step = 52
peak_step = 52
first_descent_step = 82
max_run_1 = 11
avg_v2 = 1.744526

Sequenza fino al massimo debito:
1,1,1,1,1,1,1,2,1,1,1,1,1,2,1,1,1,1,2,1,1,1,1,1,1,1,1,1,1,1,2,4,2,1,1,2,1,1,2,1,3,2,1,1,1,2,1,2,1,1,1,1

Sequenza fino al rientro sotto start:
1,1,1,1,1,1,1,2,1,1,1,1,1,2,1,1,1,1,2,1,1,1,1,1,1,1,1,1,1,1,2,4,2,1,1,2,1,1,2,1,3,2,1,1,1,2,1,2,1,1,1,1,4,1,4,2,4,2,2,1,2,1,1,2,1,1,1,1,3,1,1,1,2,2,6,1,3,1,4,1,2,5

========================================================================================================================
n = 3877023
classe mod 1024 = 159
max_debt = 15.248125
max_debt_step = 50
peak_step = 50
first_descent_step = 59
max_run_1 = 12
avg_v2 = 1.757812

Sequenza fino al massimo debito:
1,1,1,1,2,1,1,1,1,1,5,2,1,1,1,1,1,1,2,1,1,1,1,1,1,2,1,2,3,1,1,1,1,1,1,1,1,1,1,1,1,2,1,1,1,1,2,1,2,1

Sequenza fino al rientro sotto start:
1,1,1,1,2,1,1,1,1,1,5,2,1,1,1,1,1,1,2,1,1,1,1,1,1,2,1,2,3,1,1,1,1,1,1,1,1,1,1,1,1,2,1,1,1,1,2,1,2,1,4,1,3,3,7,1,4,1,7

========================================================================================================================
n = 1212415
classe mod 1024 = 1023
max_debt = 15.228575
max_debt_step = 38
peak_step = 38
first_descent_step = 66
max_run_1 = 14
avg_v2 = 1.756303

Sequenza fino al massimo debito:
1,1,1,1,1,1,1,1,1,1,1,1,1,1,2,1,2,1,3,1,1,1,1,1,1,1,1,1,1,3,1,1,1,1,1,1,2,1

Sequenza fino al rientro sotto start:
1,1,1,1,1,1,1,1,1,1,1,1,1,1,2,1,2,1,3,1,1,1,1,1,1,1,1,1,1,3,1,1,1,1,1,1,2,1,3,5,3,3,1,2,2,4,2,1,1,1,3,3,1,1,1,2,1,1,1,3,2,3,1,1,5,3

========================================================================================================================
n = 3181803
classe mod 1024 = 235
max_debt = 15.172938
max_debt_step = 55
peak_step = 55
first_descent_step = 3
max_run_1 = 10
avg_v2 = 1.731544

Sequenza fino al massimo debito:
1,2,2,1,1,2,1,1,2,1,2,1,1,1,1,1,1,1,1,1,2,1,3,1,1,1,1,1,2,1,1,1,1,1,1,3,1,4,1,2,1,2,1,1,1,1,1,1,1,1,1,1,2,1,1

Sequenza fino al rientro sotto start:
1,2,2

========================================================================================================================
n = 159487
classe mod 1024 = 767
max_debt = 15.133838
max_debt_step = 31
peak_step = 31
first_descent_step = 45
max_run_1 = 12
avg_v2 = 1.859375

Sequenza fino al massimo debito:
1,1,1,1,1,1,1,2,1,1,2,1,1,1,1,1,1,1,1,1,1,1,1,2,1,1,1,1,1,1,1

Sequenza fino al rientro sotto start:
1,1,1,1,1,1,1,2,1,1,2,1,1,1,1,1,1,1,1,1,1,1,1,2,1,1,1,1,1,1,1,3,1,4,6,4,1,2,2,3,2,1,3,3,9

========================================================================================================================
n = 1441407
classe mod 1024 = 639
max_debt = 15.097750
max_debt_step = 60
peak_step = 60
first_descent_step = 94
max_run_1 = 6
avg_v2 = 1.738806

Sequenza fino al massimo debito:
1,1,1,1,1,1,2,1,1,1,2,2,2,1,3,1,1,2,1,1,1,2,1,1,2,1,1,1,2,1,1,1,1,2,2,1,1,1,2,1,1,2,1,1,1,1,1,2,1,4,2,1,1,1,1,2,1,1,1,1

Sequenza fino al rientro sotto start:
1,1,1,1,1,1,2,1,1,1,2,2,2,1,3,1,1,2,1,1,1,2,1,1,2,1,1,1,2,1,1,1,1,2,2,1,1,1,2,1,1,2,1,1,1,1,1,2,1,4,2,1,1,1,1,2,1,1,1,1,2,2,1,2,2,3,1,1,1,7,3,2,1,1,3,2,1,1,2,1,3,3,1,2,1,1,2,1,1,4,5,1,1,4

========================================================================================================================
n = 3579529
classe mod 1024 = 649
max_debt = 15.003013
max_debt_step = 53
peak_step = 53
first_descent_step = 1
max_run_1 = 10
avg_v2 = 1.734694

Sequenza fino al massimo debito:
2,1,1,2,1,1,2,1,2,1,1,1,1,1,1,1,1,1,2,1,3,1,1,1,1,1,2,1,1,1,1,1,1,3,1,4,1,2,1,2,1,1,1,1,1,1,1,1,1,1,2,1,1

Sequenza fino al rientro sotto start:
2

========================================================================================================================
n = 4292265
classe mod 1024 = 681
max_debt = 15.003013
max_debt_step = 53
peak_step = 53
first_descent_step = 1
max_run_1 = 11
avg_v2 = 1.746377

Sequenza fino al massimo debito:
2,1,1,1,1,1,1,1,2,1,1,1,1,1,2,1,1,1,1,2,1,1,1,1,1,1,1,1,1,1,1,2,4,2,1,1,2,1,1,2,1,3,2,1,1,1,2,1,2,1,1,1,1

Sequenza fino al rientro sotto start:
2

========================================================================================================================
n = 4562087
classe mod 1024 = 167
max_debt = 14.927825
max_debt_step = 58
peak_step = 58
first_descent_step = 97
max_run_1 = 6
avg_v2 = 1.750000

Sequenza fino al massimo debito:
1,1,2,1,2,1,1,2,1,1,1,1,1,1,2,1,2,1,1,2,1,2,2,1,2,2,1,1,2,1,2,1,1,1,1,1,1,2,1,1,1,2,1,1,2,2,2,1,1,1,2,1,1,1,2,1,1,1

Sequenza fino al rientro sotto start:
1,1,2,1,2,1,1,2,1,1,1,1,1,1,2,1,2,1,1,2,1,2,2,1,2,2,1,1,2,1,2,1,1,1,1,1,1,2,1,1,1,2,1,1,2,2,2,1,1,1,2,1,1,1,2,1,1,1,2,3,1,3,4,5,1,5,1,2,1,1,1,2,1,1,1,2,1,1,3,2,1,3,1,1,2,1,4,1,1,3,2,4,1,1,1,4,3

========================================================================================================================
n = 270271
classe mod 1024 = 959
max_debt = 14.891738
max_debt_step = 87
peak_step = 87
first_descent_step = 103
max_run_1 = 7
avg_v2 = 1.706667

Sequenza fino al massimo debito:
1,1,1,1,1,2,1,3,1,1,3,1,1,1,1,1,2,1,1,1,1,1,1,1,3,1,1,2,1,2,1,1,1,2,1,1,1,1,4,1,1,2,1,1,1,2,3,1,1,1,1,2,1,3,2,2,1,2,2,1,1,2,1,1,1,2,1,2,1,1,1,2,5,2,1,1,1,1,1,1,2,1,1,2,1,1,1

Sequenza fino al rientro sotto start:
1,1,1,1,1,2,1,3,1,1,3,1,1,1,1,1,2,1,1,1,1,1,1,1,3,1,1,2,1,2,1,1,1,2,1,1,1,1,4,1,1,2,1,1,1,2,3,1,1,1,1,2,1,3,2,2,1,2,2,1,1,2,1,1,1,2,1,2,1,1,1,2,5,2,1,1,1,1,1,1,2,1,1,2,1,1,1,3,2,1,1,3,1,6,2,2,2,1,3,4,2,5,9

========================================================================================================================
n = 4026971
classe mod 1024 = 603
max_debt = 14.833088
max_debt_step = 51
peak_step = 51
first_descent_step = 61
max_run_1 = 10
avg_v2 = 1.737931

Sequenza fino al massimo debito:
1,2,1,1,2,1,2,1,1,1,1,1,1,1,1,1,2,1,3,1,1,1,1,1,2,1,1,1,1,1,1,3,1,4,1,2,1,2,1,1,1,1,1,1,1,1,1,1,2,1,1

Sequenza fino al rientro sotto start:
1,2,1,1,2,1,2,1,1,1,1,1,1,1,1,1,2,1,3,1,1,1,1,1,2,1,1,1,1,1,1,3,1,4,1,2,1,2,1,1,1,1,1,1,1,1,1,1,2,1,1,4,3,1,1,3,2,4,2,9,3

========================================================================================================================
n = 4828799
classe mod 1024 = 639
max_debt = 14.833088
max_debt_step = 51
peak_step = 51
first_descent_step = 81
max_run_1 = 11
avg_v2 = 1.750000

Sequenza fino al massimo debito:
1,1,1,1,1,1,2,1,1,1,1,1,2,1,1,1,1,2,1,1,1,1,1,1,1,1,1,1,1,2,4,2,1,1,2,1,1,2,1,3,2,1,1,1,2,1,2,1,1,1,1

Sequenza fino al rientro sotto start:
1,1,1,1,1,1,2,1,1,1,1,1,2,1,1,1,1,2,1,1,1,1,1,1,1,1,1,1,1,2,4,2,1,1,2,1,1,2,1,3,2,1,1,1,2,1,2,1,1,1,1,4,1,4,2,4,2,2,1,2,1,1,2,1,1,1,1,3,1,1,1,2,2,6,1,3,1,4,1,2,5

========================================================================================================================
n = 1042431
classe mod 1024 = 1023
max_debt = 14.816550
max_debt_step = 92
peak_step = 92
first_descent_step = 107
max_run_1 = 10
avg_v2 = 1.709877

Sequenza fino al massimo debito:
1,1,1,1,1,1,1,1,1,1,2,1,1,2,3,1,1,1,1,1,1,1,1,1,3,1,1,2,1,2,3,2,1,1,1,1,3,1,4,2,1,1,1,1,1,1,1,3,1,1,1,1,1,3,3,1,1,1,2,1,1,1,4,1,1,1,2,2,1,1,1,2,2,2,1,1,1,1,2,1,1,3,1,1,1,2,2,3,1,1,1,1

Sequenza fino al rientro sotto start:
1,1,1,1,1,1,1,1,1,1,2,1,1,2,3,1,1,1,1,1,1,1,1,1,3,1,1,2,1,2,3,2,1,1,1,1,3,1,4,2,1,1,1,1,1,1,1,3,1,1,1,1,1,3,3,1,1,1,2,1,1,1,4,1,1,1,2,2,1,1,1,2,2,2,1,1,1,1,2,1,1,3,1,1,1,2,2,3,1,1,1,1,6,1,1,3,2,3,1,1,1,1,1,1,5,5,10

========================================================================================================================
n = 1616553
classe mod 1024 = 681
max_debt = 14.813538
max_debt_step = 39
peak_step = 39
first_descent_step = 1
max_run_1 = 14
avg_v2 = 1.758333

Sequenza fino al massimo debito:
2,1,1,1,1,1,1,1,1,1,1,1,1,1,1,2,1,2,1,3,1,1,1,1,1,1,1,1,1,1,3,1,1,1,1,1,1,2,1

Sequenza fino al rientro sotto start:
2

========================================================================================================================
n = 4064103
classe mod 1024 = 871
max_debt = 14.813538
max_debt_step = 39
peak_step = 39
first_descent_step = 91
max_run_1 = 17
avg_v2 = 1.690476

Sequenza fino al massimo debito:
1,1,2,1,1,1,1,1,2,1,1,1,1,1,1,1,1,1,1,1,1,1,1,1,1,1,3,1,1,1,1,3,1,2,1,1,1,2,1

Sequenza fino al rientro sotto start:
1,1,2,1,1,1,1,1,2,1,1,1,1,1,1,1,1,1,1,1,1,1,1,1,1,1,3,1,1,1,1,3,1,2,1,1,1,2,1,2,2,5,1,2,1,2,2,1,3,2,1,1,1,2,1,5,1,2,2,1,1,1,2,1,1,1,1,1,2,3,1,2,3,1,1,1,2,2,4,1,3,4,1,1,3,3,1,1,1,2,7

========================================================================================================================
n = 288615
classe mod 1024 = 871
max_debt = 14.797000
max_debt_step = 80
peak_step = 80
first_descent_step = 96
max_run_1 = 7
avg_v2 = 1.713287

Sequenza fino al massimo debito:
1,1,2,1,1,1,1,1,1,2,1,1,1,1,1,1,1,3,1,1,2,1,2,1,1,1,2,1,1,1,1,4,1,1,2,1,1,1,2,3,1,1,1,1,2,1,3,2,2,1,2,2,1,1,2,1,1,1,2,1,2,1,1,1,2,5,2,1,1,1,1,1,1,2,1,1,2,1,1,1

Sequenza fino al rientro sotto start:
1,1,2,1,1,1,1,1,1,2,1,1,1,1,1,1,1,3,1,1,2,1,2,1,1,1,2,1,1,1,1,4,1,1,2,1,1,1,2,3,1,1,1,1,2,1,3,2,2,1,2,2,1,1,2,1,1,1,2,1,2,1,1,1,2,5,2,1,1,1,1,1,1,2,1,1,2,1,1,1,3,2,1,1,3,1,6,2,2,2,1,3,4,2,5,9

========================================================================================================================
n = 1875711
classe mod 1024 = 767
max_debt = 14.757900
max_debt_step = 56
peak_step = 56
first_descent_step = 61
max_run_1 = 12
avg_v2 = 1.740741

Sequenza fino al massimo debito:
1,1,1,1,1,1,1,2,1,1,1,1,1,1,3,1,3,1,2,3,3,1,1,1,2,4,2,1,1,1,1,1,1,1,1,1,1,1,1,2,1,2,1,1,1,1,1,1,1,2,1,1,1,1,1,1

Sequenza fino al rientro sotto start:
1,1,1,1,1,1,1,2,1,1,1,1,1,1,3,1,3,1,2,3,3,1,1,1,2,4,2,1,1,1,1,1,1,1,1,1,1,1,1,2,1,2,1,1,1,1,1,1,1,2,1,1,1,1,1,1,9,1,2,4,7

========================================================================================================================
n = 3542887
classe mod 1024 = 871
max_debt = 14.757900
max_debt_step = 56
peak_step = 56
first_descent_step = 113
max_run_1 = 10
avg_v2 = 1.686636

Sequenza fino al massimo debito:
1,1,2,1,1,1,1,1,1,1,1,2,1,2,1,1,1,1,1,1,1,1,1,1,3,1,4,1,1,2,1,1,1,2,1,1,1,1,2,1,1,1,1,1,3,1,2,1,2,2,1,2,1,1,2,1

Sequenza fino al rientro sotto start:
1,1,2,1,1,1,1,1,1,1,1,2,1,2,1,1,1,1,1,1,1,1,1,1,3,1,4,1,1,2,1,1,1,2,1,1,1,1,2,1,1,1,1,1,3,1,2,1,2,2,1,2,1,1,2,1,7,4,1,2,1,1,3,1,1,1,3,6,1,1,1,2,1,2,1,1,2,1,2,4,1,1,2,3,1,3,1,1,2,3,1,1,1,1,2,1,2,2,2,1,1,3,1,1,1,2,1,2,2,2,2,2,7

========================================================================================================================
n = 212649
classe mod 1024 = 681
max_debt = 14.718800
max_debt_step = 32
peak_step = 32
first_descent_step = 1
max_run_1 = 12
avg_v2 = 1.861538

Sequenza fino al massimo debito:
2,1,1,1,1,1,1,1,2,1,1,2,1,1,1,1,1,1,1,1,1,1,1,1,2,1,1,1,1,1,1,1

Sequenza fino al rientro sotto start:
2

========================================================================================================================
n = 704511
classe mod 1024 = 1023
max_debt = 14.718800
max_debt_step = 32
peak_step = 32
first_descent_step = 46
max_run_1 = 13
avg_v2 = 1.813953

Sequenza fino al massimo debito:
1,1,1,1,1,1,1,1,1,1,1,1,1,2,2,1,1,1,1,1,1,1,2,1,2,1,1,1,1,1,1,1

Sequenza fino al rientro sotto start:
1,1,1,1,1,1,1,1,1,1,1,1,1,2,2,1,1,1,1,1,1,1,2,1,2,1,1,1,1,1,1,1,7,3,4,5,1,2,1,3,1,1,2,3,1,3

========================================================================================================================
n = 1126015
classe mod 1024 = 639
max_debt = 14.705275
max_debt_step = 126
peak_step = 126
first_descent_step = 141
max_run_1 = 10
avg_v2 = 1.688776

Sequenza fino al massimo debito:
1,1,1,1,1,1,2,1,1,1,1,1,4,1,1,1,1,2,2,2,1,1,1,1,1,2,2,1,5,1,1,3,3,1,3,1,1,1,1,1,1,1,1,1,1,3,1,2,3,1,1,1,1,1,1,1,1,1,3,1,1,2,1,2,3,2,1,1,1,1,3,1,4,2,1,1,1,1,1,1,1,3,1,1,1,1,1,3,3,1,1,1,2,1,1,1,4,1,1,1,2,2,1,1,1,2,2,2,1,1,1,1,2,1,1,3,1,1,1,2,2,3,1,1,1,1

Sequenza fino al rientro sotto start:
1,1,1,1,1,1,2,1,1,1,1,1,4,1,1,1,1,2,2,2,1,1,1,1,1,2,2,1,5,1,1,3,3,1,3,1,1,1,1,1,1,1,1,1,1,3,1,2,3,1,1,1,1,1,1,1,1,1,3,1,1,2,1,2,3,2,1,1,1,1,3,1,4,2,1,1,1,1,1,1,1,3,1,1,1,1,1,3,3,1,1,1,2,1,1,1,4,1,1,1,2,2,1,1,1,2,2,2,1,1,1,1,2,1,1,3,1,1,1,2,2,3,1,1,1,1,6,1,1,3,2,3,1,1,1,1,1,1,5,5,10

========================================================================================================================
n = 665215
classe mod 1024 = 639
max_debt = 14.682713
max_debt_step = 61
peak_step = 61
first_descent_step = 88
max_run_1 = 9
avg_v2 = 1.705521

Sequenza fino al massimo debito:
1,1,1,1,1,1,2,1,1,2,1,1,2,1,2,1,1,3,1,2,1,3,1,1,1,1,1,2,1,2,1,2,1,1,1,3,2,1,1,3,1,1,1,1,1,1,3,1,1,1,1,1,1,2,1,1,2,1,1,1,1

Sequenza fino al rientro sotto start:
1,1,1,1,1,1,2,1,1,2,1,1,2,1,2,1,1,3,1,2,1,3,1,1,1,1,1,2,1,2,1,2,1,1,1,3,2,1,1,3,1,1,1,1,1,1,3,1,1,1,1,1,1,2,1,1,2,1,1,1,1,6,4,2,1,1,2,1,2,2,4,2,1,4,1,2,2,1,4,1,1,1,3,1,3,1,1,6

========================================================================================================================
n = 1988859
classe mod 1024 = 251
max_debt = 14.682713
max_debt_step = 61
peak_step = 61
first_descent_step = 85
max_run_1 = 12
avg_v2 = 1.719745

Sequenza fino al massimo debito:
1,2,1,2,1,1,1,1,2,1,1,1,1,1,3,1,4,1,3,1,1,1,2,1,1,1,2,1,1,1,1,1,2,2,1,1,2,1,1,2,1,1,4,1,1,1,1,1,1,1,1,1,1,1,1,2,2,1,1,1,1

Sequenza fino al rientro sotto start:
1,2,1,2,1,1,1,1,2,1,1,1,1,1,3,1,4,1,3,1,1,1,2,1,1,1,2,1,1,1,1,1,2,2,1,1,2,1,1,2,1,1,4,1,1,1,1,1,1,1,1,1,1,1,1,2,2,1,1,1,1,4,1,1,1,1,4,3,1,2,1,2,1,2,3,3,1,4,3,1,1,2,3,4,6

========================================================================================================================
n = 3732423
classe mod 1024 = 967
max_debt = 14.682713
max_debt_step = 61
peak_step = 61
first_descent_step = 5
max_run_1 = 10
avg_v2 = 1.684685

Sequenza fino al massimo debito:
1,1,2,2,2,1,1,2,1,1,1,1,1,1,1,1,2,1,2,1,1,1,1,1,1,1,1,1,1,3,1,4,1,1,2,1,1,1,2,1,1,1,1,2,1,1,1,1,1,3,1,2,1,2,2,1,2,1,1,2,1

Sequenza fino al rientro sotto start:
1,1,2,2,2

========================================================================================================================
n = 4530343
classe mod 1024 = 167
max_debt = 14.663163
max_debt_step = 49
peak_step = 49
first_descent_step = 58
max_run_1 = 10
avg_v2 = 1.741259

Sequenza fino al massimo debito:
1,1,2,1,2,1,1,1,1,1,1,1,1,1,2,1,3,1,1,1,1,1,2,1,1,1,1,1,1,3,1,4,1,2,1,2,1,1,1,1,1,1,1,1,1,1,2,1,1

Sequenza fino al rientro sotto start:
1,1,2,1,2,1,1,1,1,1,1,1,1,1,2,1,3,1,1,1,1,1,2,1,1,1,1,1,1,3,1,4,1,2,1,2,1,1,1,1,1,1,1,1,1,1,2,1,1,4,3,1,1,3,2,4,2,9

========================================================================================================================
n = 1818623
classe mod 1024 = 1023
max_debt = 14.643613
max_debt_step = 37
peak_step = 37
first_descent_step = 65
max_run_1 = 13
avg_v2 = 1.762712

Sequenza fino al massimo debito:
1,1,1,1,1,1,1,1,1,1,1,1,1,2,1,2,1,3,1,1,1,1,1,1,1,1,1,1,3,1,1,1,1,1,1,2,1

Sequenza fino al rientro sotto start:
1,1,1,1,1,1,1,1,1,1,1,1,1,2,1,2,1,3,1,1,1,1,1,1,1,1,1,1,3,1,1,1,1,1,1,2,1,3,5,3,3,1,2,2,4,2,1,1,1,3,3,1,1,1,2,1,1,1,3,2,3,1,1,5,3

========================================================================================================================
n = 4772705
classe mod 1024 = 865
max_debt = 14.587975
max_debt_step = 54
peak_step = 54
first_descent_step = 1
max_run_1 = 10
avg_v2 = 1.736486

Sequenza fino al massimo debito:
2,2,1,1,2,1,1,2,1,2,1,1,1,1,1,1,1,1,1,2,1,3,1,1,1,1,1,2,1,1,1,1,1,1,3,1,4,1,2,1,2,1,1,1,1,1,1,1,1,1,1,2,1,1

Sequenza fino al rientro sotto start:
2

========================================================================================================================
n = 2643183
classe mod 1024 = 239
max_debt = 14.551888
max_debt_step = 83
peak_step = 83
first_descent_step = 115
max_run_1 = 10
avg_v2 = 1.721519

Sequenza fino al massimo debito:
1,1,1,2,1,1,1,1,1,1,1,2,1,2,1,3,2,1,1,2,1,1,1,1,2,3,1,3,1,1,1,1,1,1,1,1,1,1,2,1,4,1,1,1,3,1,1,1,4,1,2,1,2,2,1,2,1,1,1,1,2,1,1,1,1,3,2,1,1,1,1,5,1,1,1,1,1,1,1,1,1,2,1

Sequenza fino al rientro sotto start:
1,1,1,2,1,1,1,1,1,1,1,2,1,2,1,3,2,1,1,2,1,1,1,1,2,3,1,3,1,1,1,1,1,1,1,1,1,1,2,1,4,1,1,1,3,1,1,1,4,1,2,1,2,2,1,2,1,1,1,1,2,1,1,1,1,3,2,1,1,1,1,5,1,1,1,1,1,1,1,1,1,2,1,2,3,1,1,1,2,3,1,4,1,6,2,1,2,1,1,2,4,1,2,1,1,2,1,2,3,1,1,2,3,3,6

========================================================================================================================
n = 239231
classe mod 1024 = 639
max_debt = 14.548875
max_debt_step = 30
peak_step = 30
first_descent_step = 44
max_run_1 = 12
avg_v2 = 1.873016

Sequenza fino al massimo debito:
1,1,1,1,1,1,2,1,1,2,1,1,1,1,1,1,1,1,1,1,1,1,2,1,1,1,1,1,1,1

Sequenza fino al rientro sotto start:
1,1,1,1,1,1,2,1,1,2,1,1,1,1,1,1,1,1,1,1,1,1,2,1,1,1,1,1,1,1,3,1,4,6,4,1,2,2,3,2,1,3,3,9

========================================================================================================================
n = 2162111
classe mod 1024 = 447
max_debt = 14.512788
max_debt_step = 59
peak_step = 59
first_descent_step = 93
max_run_1 = 5
avg_v2 = 1.744361

Sequenza fino al massimo debito:
1,1,1,1,1,2,1,1,1,2,2,2,1,3,1,1,2,1,1,1,2,1,1,2,1,1,1,2,1,1,1,1,2,2,1,1,1,2,1,1,2,1,1,1,1,1,2,1,4,2,1,1,1,1,2,1,1,1,1

Sequenza fino al rientro sotto start:
1,1,1,1,1,2,1,1,1,2,2,2,1,3,1,1,2,1,1,1,2,1,1,2,1,1,1,2,1,1,1,1,2,2,1,1,1,2,1,1,2,1,1,1,1,1,2,1,4,2,1,1,1,1,2,1,1,1,1,2,2,1,2,2,3,1,1,1,7,3,2,1,1,3,2,1,1,2,1,3,3,1,2,1,1,2,1,1,4,5,1,1,4

========================================================================================================================
n = 2237467
classe mod 1024 = 27
max_debt = 14.512788
max_debt_step = 59
peak_step = 59
first_descent_step = 83
max_run_1 = 12
avg_v2 = 1.722581

Sequenza fino al massimo debito:
1,2,1,1,1,1,2,1,1,1,1,1,3,1,4,1,3,1,1,1,2,1,1,1,2,1,1,1,1,1,2,2,1,1,2,1,1,2,1,1,4,1,1,1,1,1,1,1,1,1,1,1,1,2,2,1,1,1,1

Sequenza fino al rientro sotto start:
1,2,1,1,1,1,2,1,1,1,1,1,3,1,4,1,3,1,1,1,2,1,1,1,2,1,1,1,1,1,2,2,1,1,2,1,1,2,1,1,4,1,1,1,1,1,1,1,1,1,1,1,1,2,2,1,1,1,1,4,1,1,1,1,4,3,1,2,1,2,1,2,3,3,1,4,3,1,1,2,3,4,6

========================================================================================================================
n = 360361
classe mod 1024 = 937
max_debt = 14.476700
max_debt_step = 88
peak_step = 88
first_descent_step = 1
max_run_1 = 7
avg_v2 = 1.708609

Sequenza fino al massimo debito:
2,1,1,1,1,1,2,1,3,1,1,3,1,1,1,1,1,2,1,1,1,1,1,1,1,3,1,1,2,1,2,1,1,1,2,1,1,1,1,4,1,1,2,1,1,1,2,3,1,1,1,1,2,1,3,2,2,1,2,2,1,1,2,1,1,1,2,1,2,1,1,1,2,5,2,1,1,1,1,1,1,2,1,1,2,1,1,1

Sequenza fino al rientro sotto start:
2

========================================================================================================================
n = 4000767
classe mod 1024 = 1023
max_debt = 14.418050
max_debt_step = 52
peak_step = 52
first_descent_step = 66
max_run_1 = 9
avg_v2 = 1.862500

Sequenza fino al massimo debito:
1,1,1,1,1,1,1,1,1,2,3,1,2,1,2,1,1,1,2,1,2,1,1,1,1,2,1,2,1,2,2,2,1,1,1,1,2,1,1,1,1,2,1,1,1,1,3,1,1,1,1,1

Sequenza fino al rientro sotto start:
1,1,1,1,1,1,1,1,1,2,3,1,2,1,2,1,1,1,2,1,2,1,1,1,1,2,1,2,1,2,2,2,1,1,1,1,2,1,1,1,1,2,1,1,1,1,3,1,1,1,1,1,5,6,1,1,2,1,4,1,3,3,3,2,3,8

========================================================================================================================
n = 376831
classe mod 1024 = 1023
max_debt = 14.398500
max_debt_step = 40
peak_step = 40
first_descent_step = 97
max_run_1 = 13
avg_v2 = 1.741667

Sequenza fino al massimo debito:
1,1,1,1,1,1,1,1,1,1,1,1,1,2,1,1,1,2,1,1,3,1,1,1,2,1,4,1,1,1,1,1,1,1,2,1,1,1,1,1

Sequenza fino al rientro sotto start:
1,1,1,1,1,1,1,1,1,1,1,1,1,2,1,1,1,2,1,1,3,1,1,1,2,1,4,1,1,1,1,1,1,1,2,1,1,1,1,1,3,2,1,1,5,2,2,2,3,2,4,1,1,1,1,1,2,1,1,1,1,1,1,2,1,2,2,3,1,1,2,2,1,1,3,1,3,1,2,1,2,1,8,1,3,1,1,2,1,1,1,1,1,1,6,3,3

========================================================================================================================
n = 2517151
classe mod 1024 = 159
max_debt = 14.342863
max_debt_step = 57
peak_step = 57
first_descent_step = 81
max_run_1 = 12
avg_v2 = 1.725490

Sequenza fino al massimo debito:
1,1,1,1,2,1,1,1,1,1,3,1,4,1,3,1,1,1,2,1,1,1,2,1,1,1,1,1,2,2,1,1,2,1,1,2,1,1,4,1,1,1,1,1,1,1,1,1,1,1,1,2,2,1,1,1,1

Sequenza fino al rientro sotto start:
1,1,1,1,2,1,1,1,1,1,3,1,4,1,3,1,1,1,2,1,1,1,2,1,1,1,1,1,2,2,1,1,2,1,1,2,1,1,4,1,1,1,1,1,1,1,1,1,1,1,1,2,2,1,1,1,1,4,1,1,1,1,4,3,1,2,1,2,1,2,3,3,1,4,3,1,1,2,3,4,6

========================================================================================================================
n = 4723849
classe mod 1024 = 137
max_debt = 14.342863
max_debt_step = 57
peak_step = 57
first_descent_step = 1
max_run_1 = 10
avg_v2 = 1.688073

Sequenza fino al massimo debito:
2,1,1,2,1,1,1,1,1,1,1,1,2,1,2,1,1,1,1,1,1,1,1,1,1,3,1,4,1,1,2,1,1,1,2,1,1,1,1,2,1,1,1,1,1,3,1,2,1,2,2,1,2,1,1,2,1

Sequenza fino al rientro sotto start:
2

========================================================================================================================
n = 405407
classe mod 1024 = 927
max_debt = 14.306775
max_debt_step = 86
peak_step = 86
first_descent_step = 102
max_run_1 = 7
avg_v2 = 1.711409

Sequenza fino al massimo debito:
1,1,1,1,2,1,3,1,1,3,1,1,1,1,1,2,1,1,1,1,1,1,1,3,1,1,2,1,2,1,1,1,2,1,1,1,1,4,1,1,2,1,1,1,2,3,1,1,1,1,2,1,3,2,2,1,2,2,1,1,2,1,1,1,2,1,2,1,1,1,2,5,2,1,1,1,1,1,1,2,1,1,2,1,1,1

Sequenza fino al rientro sotto start:
1,1,1,1,2,1,3,1,1,3,1,1,1,1,1,2,1,1,1,1,1,1,1,3,1,1,2,1,2,1,1,1,2,1,1,1,1,4,1,1,2,1,1,1,2,3,1,1,1,1,2,1,3,2,2,1,2,2,1,1,2,1,1,1,2,1,2,1,1,1,2,5,2,1,1,1,1,1,1,2,1,1,2,1,1,1,3,2,1,1,3,1,6,2,2,2,1,3,4,2,5,9

========================================================================================================================
n = 1501353
classe mod 1024 = 169
max_debt = 14.290238
max_debt_step = 127
peak_step = 127
first_descent_step = 1
max_run_1 = 10
avg_v2 = 1.690355

Sequenza fino al massimo debito:
2,1,1,1,1,1,1,2,1,1,1,1,1,4,1,1,1,1,2,2,2,1,1,1,1,1,2,2,1,5,1,1,3,3,1,3,1,1,1,1,1,1,1,1,1,1,3,1,2,3,1,1,1,1,1,1,1,1,1,3,1,1,2,1,2,3,2,1,1,1,1,3,1,4,2,1,1,1,1,1,1,1,3,1,1,1,1,1,3,3,1,1,1,2,1,1,1,4,1,1,1,2,2,1,1,1,2,2,2,1,1,1,1,2,1,1,3,1,1,1,2,2,3,1,1,1,1

Sequenza fino al rientro sotto start:
2

========================================================================================================================
n = 886953
classe mod 1024 = 169
max_debt = 14.267675
max_debt_step = 62
peak_step = 62
first_descent_step = 1
max_run_1 = 9
avg_v2 = 1.707317

Sequenza fino al massimo debito:
2,1,1,1,1,1,1,2,1,1,2,1,1,2,1,2,1,1,3,1,2,1,3,1,1,1,1,1,2,1,2,1,2,1,1,1,3,2,1,1,3,1,1,1,1,1,1,3,1,1,1,1,1,1,2,1,1,2,1,1,1,1

Sequenza fino al rientro sotto start:
2

========================================================================================================================
n = 2471679
classe mod 1024 = 767
max_debt = 14.248125
max_debt_step = 50
peak_step = 50
first_descent_step = 93
max_run_1 = 13
avg_v2 = 1.715152

Sequenza fino al massimo debito:
1,1,1,1,1,1,1,2,1,2,3,1,1,1,1,3,1,2,1,1,1,2,1,1,1,1,1,1,1,1,1,1,1,1,1,5,1,1,1,2,1,2,1,1,1,2,1,1,1,1

Sequenza fino al rientro sotto start:
1,1,1,1,1,1,1,2,1,2,3,1,1,1,1,3,1,2,1,1,1,2,1,1,1,1,1,1,1,1,1,1,1,1,1,5,1,1,1,2,1,2,1,1,1,2,1,1,1,1,4,1,2,3,1,1,1,1,2,1,2,5,1,1,1,3,1,1,2,1,2,3,2,1,3,1,3,4,3,2,2,1,1,1,1,1,5,1,1,3,2,1,6

========================================================================================================================
n = 1563647
classe mod 1024 = 1023
max_debt = 14.231588
max_debt_step = 91
peak_step = 91
first_descent_step = 106
max_run_1 = 9
avg_v2 = 1.714286

Sequenza fino al massimo debito:
1,1,1,1,1,1,1,1,1,2,1,1,2,3,1,1,1,1,1,1,1,1,1,3,1,1,2,1,2,3,2,1,1,1,1,3,1,4,2,1,1,1,1,1,1,1,3,1,1,1,1,1,3,3,1,1,1,2,1,1,1,4,1,1,1,2,2,1,1,1,2,2,2,1,1,1,1,2,1,1,3,1,1,1,2,2,3,1,1,1,1

Sequenza fino al rientro sotto start:
1,1,1,1,1,1,1,1,1,2,1,1,2,3,1,1,1,1,1,1,1,1,1,3,1,1,2,1,2,3,2,1,1,1,1,3,1,4,2,1,1,1,1,1,1,1,3,1,1,1,1,1,3,3,1,1,1,2,1,1,1,4,1,1,1,2,2,1,1,1,2,2,2,1,1,1,1,2,1,1,3,1,1,1,2,2,3,1,1,1,1,6,1,1,3,2,3,1,1,1,1,1,1,5,5,10

========================================================================================================================
n = 2022639
classe mod 1024 = 239
max_debt = 14.228575
max_debt_step = 38
peak_step = 38
first_descent_step = 87
max_run_1 = 16
avg_v2 = 1.760331

Sequenza fino al massimo debito:
1,1,1,2,1,1,1,1,1,3,3,1,1,1,1,2,1,1,1,2,1,2,1,1,1,1,1,1,1,1,1,1,1,1,1,1,1,1

Sequenza fino al rientro sotto start:
1,1,1,2,1,1,1,1,1,3,3,1,1,1,1,2,1,1,1,2,1,2,1,1,1,1,1,1,1,1,1,1,1,1,1,1,1,1,4,2,3,1,2,1,1,3,1,2,1,1,1,2,5,1,1,1,1,2,1,1,1,3,1,1,1,1,3,6,1,2,1,1,2,2,1,1,3,2,3,4,1,2,3,2,1,3,3

========================================================================================================================
n = 2424831
classe mod 1024 = 1023
max_debt = 14.228575
max_debt_step = 38
peak_step = 38
first_descent_step = 66
max_run_1 = 15
avg_v2 = 1.764706

Sequenza fino al massimo debito:
1,1,1,1,1,1,1,1,1,1,1,1,1,1,1,3,2,1,3,1,1,1,1,1,1,1,1,1,1,3,1,1,1,1,1,1,2,1

Sequenza fino al rientro sotto start:
1,1,1,1,1,1,1,1,1,1,1,1,1,1,1,3,2,1,3,1,1,1,1,1,1,1,1,1,1,3,1,1,1,1,1,1,2,1,3,5,3,3,1,2,2,4,2,1,1,1,3,3,1,1,1,2,1,1,1,3,2,3,1,1,5,3

========================================================================================================================
n = 432923
classe mod 1024 = 795
max_debt = 14.212038
max_debt_step = 79
peak_step = 79
first_descent_step = 94
max_run_1 = 7
avg_v2 = 1.718310

Sequenza fino al massimo debito:
1,2,1,1,1,1,1,1,2,1,1,1,1,1,1,1,3,1,1,2,1,2,1,1,1,2,1,1,1,1,4,1,1,2,1,1,1,2,3,1,1,1,1,2,1,3,2,2,1,2,2,1,1,2,1,1,1,2,1,2,1,1,1,2,5,2,1,1,1,1,1,1,2,1,1,2,1,1,1

Sequenza fino al rientro sotto start:
1,2,1,1,1,1,1,1,2,1,1,1,1,1,1,1,3,1,1,2,1,2,1,1,1,2,1,1,1,1,4,1,1,2,1,1,1,2,3,1,1,1,1,2,1,3,2,2,1,2,2,1,1,2,1,1,1,2,1,2,1,1,1,2,5,2,1,1,1,1,1,1,2,1,1,2,1,1,1,3,2,1,1,3,1,6,2,2,2,1,3,4,2,5

========================================================================================================================
n = 2813567
classe mod 1024 = 639
max_debt = 14.172938
max_debt_step = 55
peak_step = 55
first_descent_step = 60
max_run_1 = 12
avg_v2 = 1.746269

Sequenza fino al massimo debito:
1,1,1,1,1,1,2,1,1,1,1,1,1,3,1,3,1,2,3,3,1,1,1,2,4,2,1,1,1,1,1,1,1,1,1,1,1,1,2,1,2,1,1,1,1,1,1,1,2,1,1,1,1,1,1

Sequenza fino al rientro sotto start:
1,1,1,1,1,1,2,1,1,1,1,1,1,3,1,3,1,2,3,3,1,1,1,2,4,2,1,1,1,1,1,1,1,1,1,1,1,1,2,1,2,1,1,1,1,1,1,1,2,1,1,1,1,1,1,9,1,2,4,7

========================================================================================================================
n = 3191911
classe mod 1024 = 103
max_debt = 14.172938
max_debt_step = 55
peak_step = 55
first_descent_step = 96
max_run_1 = 7
avg_v2 = 1.736111

Sequenza fino al massimo debito:
1,1,2,1,1,1,2,1,2,1,1,1,2,1,1,3,1,1,1,1,1,1,1,3,1,1,1,1,1,2,3,1,1,1,1,2,1,1,1,1,1,1,1,2,1,2,2,1,2,2,2,1,1,1,1

Sequenza fino al rientro sotto start:
1,1,2,1,1,1,2,1,2,1,1,1,2,1,1,3,1,1,1,1,1,1,1,3,1,1,1,1,1,2,3,1,1,1,1,2,1,1,1,1,1,1,1,2,1,2,2,1,2,2,2,1,1,1,1,2,3,5,3,1,1,3,3,1,3,3,1,1,1,1,1,3,2,1,1,1,1,1,1,2,2,1,1,1,5,4,1,2,1,1,2,3,3,2,1,5

========================================================================================================================
n = 2870431
classe mod 1024 = 159
max_debt = 14.153388
max_debt_step = 43
peak_step = 43
first_descent_step = 67
max_run_1 = 12
avg_v2 = 1.741007

Sequenza fino al massimo debito:
1,1,1,1,2,1,1,1,2,1,1,1,1,1,2,2,1,1,2,1,1,2,1,1,4,1,1,1,1,1,1,1,1,1,1,1,1,2,2,1,1,1,1

Sequenza fino al rientro sotto start:
1,1,1,1,2,1,1,1,2,1,1,1,1,1,2,2,1,1,2,1,1,2,1,1,4,1,1,1,1,1,1,1,1,1,1,1,1,2,2,1,1,1,1,4,1,1,1,1,4,3,1,2,1,2,1,2,3,3,1,4,3,1,1,2,3,4,6

========================================================================================================================
n = 318975
classe mod 1024 = 511
max_debt = 14.133838
max_debt_step = 31
peak_step = 31
first_descent_step = 44
max_run_1 = 12
avg_v2 = 1.875000

Sequenza fino al massimo debito:
1,1,1,1,1,1,1,1,3,1,2,1,1,1,1,1,1,1,1,1,1,1,1,2,1,1,1,1,1,1,1

Sequenza fino al rientro sotto start:
1,1,1,1,1,1,1,1,3,1,2,1,1,1,1,1,1,1,1,1,1,1,1,2,1,1,1,1,1,1,1,3,1,4,6,4,1,2,2,3,2,1,3,3

========================================================================================================================
n = 1056767
classe mod 1024 = 1023
max_debt = 14.133838
max_debt_step = 31
peak_step = 31
first_descent_step = 45
max_run_1 = 12
avg_v2 = 1.823529

Sequenza fino al massimo debito:
1,1,1,1,1,1,1,1,1,1,1,1,2,2,1,1,1,1,1,1,1,2,1,2,1,1,1,1,1,1,1

Sequenza fino al rientro sotto start:
1,1,1,1,1,1,1,1,1,1,1,1,2,2,1,1,1,1,1,1,1,2,1,2,1,1,1,1,1,1,1,7,3,4,5,1,2,1,3,1,1,2,3,1,3

========================================================================================================================
n = 1689023
classe mod 1024 = 447
max_debt = 14.120313
max_debt_step = 125
peak_step = 125
first_descent_step = 140
max_run_1 = 10
avg_v2 = 1.692308

Sequenza fino al massimo debito:
1,1,1,1,1,2,1,1,1,1,1,4,1,1,1,1,2,2,2,1,1,1,1,1,2,2,1,5,1,1,3,3,1,3,1,1,1,1,1,1,1,1,1,1,3,1,2,3,1,1,1,1,1,1,1,1,1,3,1,1,2,1,2,3,2,1,1,1,1,3,1,4,2,1,1,1,1,1,1,1,3,1,1,1,1,1,3,3,1,1,1,2,1,1,1,4,1,1,1,2,2,1,1,1,2,2,2,1,1,1,1,2,1,1,3,1,1,1,2,2,3,1,1,1,1

Sequenza fino al rientro sotto start:
1,1,1,1,1,2,1,1,1,1,1,4,1,1,1,1,2,2,2,1,1,1,1,1,2,2,1,5,1,1,3,3,1,3,1,1,1,1,1,1,1,1,1,1,3,1,2,3,1,1,1,1,1,1,1,1,1,3,1,1,2,1,2,3,2,1,1,1,1,3,1,4,2,1,1,1,1,1,1,1,3,1,1,1,1,1,3,3,1,1,1,2,1,1,1,4,1,1,1,2,2,1,1,1,2,2,2,1,1,1,1,2,1,1,3,1,1,1,2,2,3,1,1,1,1,6,1,1,3,2,3,1,1,1,1,1,1,5,5,10

========================================================================================================================
n = 2375451
classe mod 1024 = 795
max_debt = 14.117300
max_debt_step = 72
peak_step = 72
first_descent_step = 89
max_run_1 = 10
avg_v2 = 1.758065

Sequenza fino al massimo debito:
1,2,1,1,1,1,1,1,1,2,1,3,1,2,2,2,1,1,2,1,1,1,2,3,1,1,2,2,1,2,1,1,1,1,2,1,1,2,1,1,1,1,1,1,1,1,1,1,2,3,1,2,1,5,1,2,2,1,1,1,1,2,1,1,2,1,1,1,1,1,1,1

Sequenza fino al rientro sotto start:
1,2,1,1,1,1,1,1,1,2,1,3,1,2,2,2,1,1,2,1,1,1,2,3,1,1,2,2,1,2,1,1,1,1,2,1,1,2,1,1,1,1,1,1,1,1,1,1,2,3,1,2,1,5,1,2,2,1,1,1,1,2,1,1,2,1,1,1,1,1,1,1,3,1,1,2,1,5,3,1,2,4,3,1,1,2,4,2,9

========================================================================================================================
n = 2943135
classe mod 1024 = 159
max_debt = 14.117300
max_debt_step = 72
peak_step = 72
first_descent_step = 96
max_run_1 = 12
avg_v2 = 1.714286

Sequenza fino al massimo debito:
1,1,1,1,2,1,1,1,1,1,3,2,2,3,1,3,1,1,1,2,1,1,1,1,1,3,1,4,1,3,1,1,1,2,1,1,1,2,1,1,1,1,1,2,2,1,1,2,1,1,2,1,1,4,1,1,1,1,1,1,1,1,1,1,1,1,2,2,1,1,1,1

Sequenza fino al rientro sotto start:
1,1,1,1,2,1,1,1,1,1,3,2,2,3,1,3,1,1,1,2,1,1,1,1,1,3,1,4,1,3,1,1,1,2,1,1,1,2,1,1,1,1,1,2,2,1,1,2,1,1,2,1,1,4,1,1,1,1,1,1,1,1,1,1,1,1,2,2,1,1,1,1,4,1,1,1,1,4,3,1,2,1,2,1,2,3,3,1,4,3,1,1,2,3,4,6

========================================================================================================================
n = 4985343
classe mod 1024 = 511
max_debt = 14.117300
max_debt_step = 72
peak_step = 72
first_descent_step = 111
max_run_1 = 8
avg_v2 = 1.733333

Sequenza fino al massimo debito:
1,1,1,1,1,1,1,1,2,3,1,1,1,1,2,3,1,2,1,1,2,1,1,1,1,1,1,1,1,4,1,2,1,2,3,1,1,1,1,1,1,1,3,3,1,2,1,1,1,1,1,2,1,2,1,3,1,1,2,1,1,3,1,1,1,1,1,1,1,2,1,1

Sequenza fino al rientro sotto start:
1,1,1,1,1,1,1,1,2,3,1,1,1,1,2,3,1,2,1,1,2,1,1,1,1,1,1,1,1,4,1,2,1,2,3,1,1,1,1,1,1,1,3,3,1,2,1,1,1,1,1,2,1,2,1,3,1,1,2,1,1,3,1,1,1,1,1,1,1,2,1,1,2,2,1,3,1,4,2,4,3,1,2,2,3,1,3,1,1,3,2,1,1,1,1,1,1,3,2,1,1,4,2,1,1,1,1,2,3,4,3

========================================================================================================================
n = 997823
classe mod 1024 = 447
max_debt = 14.097750
max_debt_step = 60
peak_step = 60
first_descent_step = 87
max_run_1 = 9
avg_v2 = 1.709877

Sequenza fino al massimo debito:
1,1,1,1,1,2,1,1,2,1,1,2,1,2,1,1,3,1,2,1,3,1,1,1,1,1,2,1,2,1,2,1,1,1,3,2,1,1,3,1,1,1,1,1,1,3,1,1,1,1,1,1,2,1,1,2,1,1,1,1

Sequenza fino al rientro sotto start:
1,1,1,1,1,2,1,1,2,1,1,2,1,2,1,1,3,1,2,1,3,1,1,1,1,1,2,1,2,1,2,1,1,1,3,2,1,1,3,1,1,1,1,1,1,3,1,1,1,1,1,1,2,1,1,2,1,1,1,1,6,4,2,1,1,2,1,2,2,4,2,1,4,1,2,2,1,4,1,1,1,3,1,3,1,1,6

========================================================================================================================
n = 2882815
classe mod 1024 = 255
max_debt = 14.097750
max_debt_step = 60
peak_step = 60
first_descent_step = 94
max_run_1 = 7
avg_v2 = 1.746269

Sequenza fino al massimo debito:
1,1,1,1,1,1,1,3,1,1,2,2,2,1,3,1,1,2,1,1,1,2,1,1,2,1,1,1,2,1,1,1,1,2,2,1,1,1,2,1,1,2,1,1,1,1,1,2,1,4,2,1,1,1,1,2,1,1,1,1

Sequenza fino al rientro sotto start:
1,1,1,1,1,1,1,3,1,1,2,2,2,1,3,1,1,2,1,1,1,2,1,1,2,1,1,1,2,1,1,1,1,2,2,1,1,1,2,1,1,2,1,1,1,1,1,2,1,4,2,1,1,1,1,2,1,1,1,1,2,2,1,2,2,3,1,1,1,7,3,2,1,1,3,2,1,1,2,1,3,3,1,2,1,1,2,1,1,4,5,1,1,4

========================================================================================================================
n = 2983289
classe mod 1024 = 377
max_debt = 14.097750
max_debt_step = 60
peak_step = 60
first_descent_step = 1
max_run_1 = 12
avg_v2 = 1.724359

Sequenza fino al massimo debito:
2,1,2,1,1,1,1,2,1,1,1,1,1,3,1,4,1,3,1,1,1,2,1,1,1,2,1,1,1,1,1,2,2,1,1,2,1,1,2,1,1,4,1,1,1,1,1,1,1,1,1,1,1,1,2,2,1,1,1,1

Sequenza fino al rientro sotto start:
2

========================================================================================================================
n = 3362671
classe mod 1024 = 879
max_debt = 14.097750
max_debt_step = 60
peak_step = 60
first_descent_step = 101
max_run_1 = 7
avg_v2 = 1.731544

Sequenza fino al massimo debito:
1,1,1,2,1,3,1,2,1,1,1,2,1,2,1,1,1,2,1,1,3,1,1,1,1,1,1,1,3,1,1,1,1,1,2,3,1,1,1,1,2,1,1,1,1,1,1,1,2,1,2,2,1,2,2,2,1,1,1,1

Sequenza fino al rientro sotto start:
1,1,1,2,1,3,1,2,1,1,1,2,1,2,1,1,1,2,1,1,3,1,1,1,1,1,1,1,3,1,1,1,1,1,2,3,1,1,1,1,2,1,1,1,1,1,1,1,2,1,2,2,1,2,2,2,1,1,1,1,2,3,5,3,1,1,3,3,1,3,3,1,1,1,1,1,3,2,1,1,1,1,1,1,2,2,1,1,1,5,4,1,2,1,1,2,3,3,2,1,5

========================================================================================================================
n = 480481
classe mod 1024 = 225
max_debt = 14.061663
max_debt_step = 89
peak_step = 89
first_descent_step = 1
max_run_1 = 7
avg_v2 = 1.710526

Sequenza fino al massimo debito:
2,2,1,1,1,1,1,2,1,3,1,1,3,1,1,1,1,1,2,1,1,1,1,1,1,1,3,1,1,2,1,2,1,1,1,2,1,1,1,1,4,1,1,2,1,1,1,2,3,1,1,1,1,2,1,3,2,2,1,2,2,1,1,2,1,1,1,2,1,2,1,1,1,2,5,2,1,1,1,1,1,1,2,1,1,2,1,1,1

Sequenza fino al rientro sotto start:
2

========================================================================================================================
n = 1469439
classe mod 1024 = 1023
max_debt = 14.058650
max_debt_step = 36
peak_step = 36
first_descent_step = 47
max_run_1 = 12
avg_v2 = 1.765217

Sequenza fino al massimo debito:
1,1,1,1,1,1,1,1,1,2,2,1,1,1,1,1,1,1,1,1,2,1,1,2,1,2,2,1,1,1,1,1,1,1,2,1

Sequenza fino al rientro sotto start:
1,1,1,1,1,1,1,1,1,2,2,1,1,1,1,1,1,1,1,1,2,1,1,2,1,2,2,1,1,1,1,1,1,1,2,1,2,3,2,3,1,3,1,4,4,2,11

========================================================================================================================
n = 2727935
classe mod 1024 = 1023
max_debt = 14.058650
max_debt_step = 36
peak_step = 36
first_descent_step = 63
max_run_1 = 12
avg_v2 = 1.769231

Sequenza fino al massimo debito:
1,1,1,1,1,1,1,1,1,1,1,1,2,1,2,1,3,1,1,1,1,1,1,1,1,1,1,3,1,1,1,1,1,1,2,1

Sequenza fino al rientro sotto start:
1,1,1,1,1,1,1,1,1,1,1,1,2,1,2,1,3,1,1,1,1,1,1,1,1,1,1,3,1,1,1,1,1,1,2,1,3,5,3,3,1,2,2,4,2,1,1,1,3,3,1,1,1,2,1,1,1,3,2,3,1,1,5

========================================================================================================================
n = 487039
classe mod 1024 = 639
max_debt = 14.042113
max_debt_step = 77
peak_step = 77
first_descent_step = 92
max_run_1 = 7
avg_v2 = 1.721429

Sequenza fino al massimo debito:
1,1,1,1,1,1,2,1,1,1,1,1,1,1,3,1,1,2,1,2,1,1,1,2,1,1,1,1,4,1,1,2,1,1,1,2,3,1,1,1,1,2,1,3,2,2,1,2,2,1,1,2,1,1,1,2,1,2,1,1,1,2,5,2,1,1,1,1,1,1,2,1,1,2,1,1,1

Sequenza fino al rientro sotto start:
1,1,1,1,1,1,2,1,1,1,1,1,1,1,3,1,1,2,1,2,1,1,1,2,1,1,1,1,4,1,1,2,1,1,1,2,3,1,1,1,1,2,1,3,2,2,1,2,2,1,1,2,1,1,1,2,1,2,1,1,1,2,5,2,1,1,1,1,1,1,2,1,1,2,1,1,1,3,2,1,1,3,1,6,2,2,2,1,3,4,2,5

========================================================================================================================
n = 3037039
classe mod 1024 = 879
max_debt = 14.022563
max_debt_step = 65
peak_step = 65
first_descent_step = 99
max_run_1 = 6
avg_v2 = 1.741007

Sequenza fino al massimo debito:
1,1,1,2,1,3,1,1,1,1,1,1,3,1,1,2,2,2,1,3,1,1,2,1,1,1,2,1,1,2,1,1,1,2,1,1,1,1,2,2,1,1,1,2,1,1,2,1,1,1,1,1,2,1,4,2,1,1,1,1,2,1,1,1,1

Sequenza fino al rientro sotto start:
1,1,1,2,1,3,1,1,1,1,1,1,3,1,1,2,2,2,1,3,1,1,2,1,1,1,2,1,1,2,1,1,1,2,1,1,1,1,2,2,1,1,1,2,1,1,2,1,1,1,1,1,2,1,4,2,1,1,1,1,2,1,1,1,1,2,2,1,2,2,3,1,1,1,7,3,2,1,1,3,2,1,1,2,1,3,3,1,2,1,1,2,1,1,4,5,1,1,4

========================================================================================================================
n = 1853211
classe mod 1024 = 795
max_debt = 13.986475
max_debt_step = 94
peak_step = 94
first_descent_step = 109
max_run_1 = 11
avg_v2 = 1.713415

Sequenza fino al massimo debito:
1,2,1,1,1,1,1,1,1,1,1,1,1,3,1,2,3,1,1,1,1,1,1,1,1,1,3,1,1,2,1,2,3,2,1,1,1,1,3,1,4,2,1,1,1,1,1,1,1,3,1,1,1,1,1,3,3,1,1,1,2,1,1,1,4,1,1,1,2,2,1,1,1,2,2,2,1,1,1,1,2,1,1,3,1,1,1,2,2,3,1,1,1,1

Sequenza fino al rientro sotto start:
1,2,1,1,1,1,1,1,1,1,1,1,1,3,1,2,3,1,1,1,1,1,1,1,1,1,3,1,1,2,1,2,3,2,1,1,1,1,3,1,4,2,1,1,1,1,1,1,1,3,1,1,1,1,1,3,3,1,1,1,2,1,1,1,4,1,1,1,2,2,1,1,1,2,2,2,1,1,1,1,2,1,1,3,1,1,1,2,2,3,1,1,1,1,6,1,1,3,2,3,1,1,1,1,1,1,5,5,10

========================================================================================================================
n = 502441
classe mod 1024 = 681
max_debt = 13.983463
max_debt_step = 41
peak_step = 41
first_descent_step = 1
max_run_1 = 13
avg_v2 = 1.743802

Sequenza fino al massimo debito:
2,1,1,1,1,1,1,1,1,1,1,1,1,1,2,1,1,1,2,1,1,3,1,1,1,2,1,4,1,1,1,1,1,1,1,2,1,1,1,1,1

Sequenza fino al rientro sotto start:
2

========================================================================================================================
n = 2431999
classe mod 1024 = 1023
max_debt = 13.983463
max_debt_step = 41
peak_step = 41
first_descent_step = 66
max_run_1 = 9
avg_v2 = 1.794118

Sequenza fino al massimo debito:
1,1,1,1,1,1,1,1,1,2,1,1,1,2,1,1,1,1,1,1,1,1,1,3,1,1,3,1,1,1,1,1,2,1,4,1,1,1,1,1,1

Sequenza fino al rientro sotto start:
1,1,1,1,1,1,1,1,1,2,1,1,1,2,1,1,1,1,1,1,1,1,1,3,1,1,3,1,1,1,1,1,2,1,4,1,1,1,1,1,1,4,2,3,3,3,2,2,2,1,1,1,1,1,3,6,1,2,3,2,1,1,3,2,1,3

========================================================================================================================
n = 3964775
classe mod 1024 = 871
max_debt = 13.966925
max_debt_step = 82
peak_step = 82
first_descent_step = 114
max_run_1 = 10
avg_v2 = 1.726115

Sequenza fino al massimo debito:
1,1,2,1,1,1,1,1,1,1,2,1,2,1,3,2,1,1,2,1,1,1,1,2,3,1,3,1,1,1,1,1,1,1,1,1,1,2,1,4,1,1,1,3,1,1,1,4,1,2,1,2,2,1,2,1,1,1,1,2,1,1,1,1,3,2,1,1,1,1,5,1,1,1,1,1,1,1,1,1,2,1

Sequenza fino al rientro sotto start:
1,1,2,1,1,1,1,1,1,1,2,1,2,1,3,2,1,1,2,1,1,1,1,2,3,1,3,1,1,1,1,1,1,1,1,1,1,2,1,4,1,1,1,3,1,1,1,4,1,2,1,2,2,1,2,1,1,1,1,2,1,1,1,1,3,2,1,1,1,1,5,1,1,1,1,1,1,1,1,1,2,1,2,3,1,1,1,2,3,1,4,1,6,2,1,2,1,1,2,4,1,2,1,1,2,1,2,3,1,1,2,3,3,6

========================================================================================================================
n = 358847
classe mod 1024 = 447
max_debt = 13.963913
max_debt_step = 29
peak_step = 29
first_descent_step = 42
max_run_1 = 12
avg_v2 = 1.887097

Sequenza fino al massimo debito:
1,1,1,1,1,2,1,1,2,1,1,1,1,1,1,1,1,1,1,1,1,2,1,1,1,1,1,1,1

Sequenza fino al rientro sotto start:
1,1,1,1,1,2,1,1,2,1,1,1,1,1,1,1,1,1,1,1,1,2,1,1,1,1,1,1,1,3,1,4,6,4,1,2,2,3,2,1,3,3

========================================================================================================================
n = 3252223
classe mod 1024 = 1023
max_debt = 13.963913
max_debt_step = 29
peak_step = 29
first_descent_step = 34
max_run_1 = 12
avg_v2 = 1.787037

Sequenza fino al massimo debito:
1,1,1,1,1,1,1,1,1,1,1,1,2,1,2,1,1,1,1,1,1,1,2,1,1,1,1,1,1

Sequenza fino al rientro sotto start:
1,1,1,1,1,1,1,1,1,1,1,1,2,1,2,1,1,1,1,1,1,1,2,1,1,1,1,1,1,9,1,2,4,7

========================================================================================================================
n = 2672383
classe mod 1024 = 767
max_debt = 13.947375
max_debt_step = 70
peak_step = 70
first_descent_step = 87
max_run_1 = 10
avg_v2 = 1.762295

Sequenza fino al massimo debito:
1,1,1,1,1,1,1,2,1,3,1,2,2,2,1,1,2,1,1,1,2,3,1,1,2,2,1,2,1,1,1,1,2,1,1,2,1,1,1,1,1,1,1,1,1,1,2,3,1,2,1,5,1,2,2,1,1,1,1,2,1,1,2,1,1,1,1,1,1,1

Sequenza fino al rientro sotto start:
1,1,1,1,1,1,1,2,1,3,1,2,2,2,1,1,2,1,1,1,2,3,1,1,2,2,1,2,1,1,1,1,2,1,1,2,1,1,1,1,1,1,1,1,1,1,2,3,1,2,1,5,1,2,2,1,1,1,1,2,1,1,2,1,1,1,1,1,1,1,3,1,1,2,1,5,3,1,2,4,3,1,1,2,4,2,9

========================================================================================================================
n = 3243167
classe mod 1024 = 159
max_debt = 13.927825
max_debt_step = 58
peak_step = 58
first_descent_step = 92
max_run_1 = 5
avg_v2 = 1.750000

Sequenza fino al massimo debito:
1,1,1,1,2,1,1,1,2,2,2,1,3,1,1,2,1,1,1,2,1,1,2,1,1,1,2,1,1,1,1,2,2,1,1,1,2,1,1,2,1,1,1,1,1,2,1,4,2,1,1,1,1,2,1,1,1,1

Sequenza fino al rientro sotto start:
1,1,1,1,2,1,1,1,2,2,2,1,3,1,1,2,1,1,1,2,1,1,2,1,1,1,2,1,1,1,1,2,2,1,1,1,2,1,1,2,1,1,1,1,1,2,1,4,2,1,1,1,1,2,1,1,1,1,2,2,1,2,2,3,1,1,1,7,3,2,1,1,3,2,1,1,2,1,3,3,1,2,1,1,2,1,1,4,5,1,1,4

========================================================================================================================
n = 3356201
classe mod 1024 = 553
max_debt = 13.927825
max_debt_step = 58
peak_step = 58
first_descent_step = 1
max_run_1 = 12
avg_v2 = 1.727273

Sequenza fino al massimo debito:
2,1,1,1,1,2,1,1,1,1,1,3,1,4,1,3,1,1,1,2,1,1,1,2,1,1,1,1,1,2,2,1,1,2,1,1,2,1,1,4,1,1,1,1,1,1,1,1,1,1,1,1,2,2,1,1,1,1

Sequenza fino al rientro sotto start:
2

========================================================================================================================
n = 540543
classe mod 1024 = 895
max_debt = 13.891738
max_debt_step = 87
peak_step = 87
first_descent_step = 102
max_run_1 = 7
avg_v2 = 1.713333

Sequenza fino al massimo debito:
1,1,1,1,1,1,3,3,1,1,3,1,1,1,1,1,2,1,1,1,1,1,1,1,3,1,1,2,1,2,1,1,1,2,1,1,1,1,4,1,1,2,1,1,1,2,3,1,1,1,1,2,1,3,2,2,1,2,2,1,1,2,1,1,1,2,1,2,1,1,1,2,5,2,1,1,1,1,1,1,2,1,1,2,1,1,1

Sequenza fino al rientro sotto start:
1,1,1,1,1,1,3,3,1,1,3,1,1,1,1,1,2,1,1,1,1,1,1,1,3,1,1,2,1,2,1,1,1,2,1,1,1,1,4,1,1,2,1,1,1,2,3,1,1,1,1,2,1,3,2,2,1,2,2,1,1,2,1,1,1,2,1,2,1,1,1,2,5,2,1,1,1,1,1,1,2,1,1,2,1,1,1,3,2,1,1,3,1,6,2,2,2,1,3,4,2,5

========================================================================================================================
n = 378043
classe mod 1024 = 187
max_debt = 13.888725
max_debt_step = 34
peak_step = 34
first_descent_step = 4
max_run_1 = 12
avg_v2 = 1.865672

Sequenza fino al massimo debito:
1,2,1,3,1,1,1,1,1,1,2,1,1,2,1,1,1,1,1,1,1,1,1,1,1,1,2,1,1,1,1,1,1,1

Sequenza fino al rientro sotto start:
1,2,1,3

========================================================================================================================
n = 2559903
classe mod 1024 = 927
max_debt = 13.888725
max_debt_step = 34
peak_step = 34
first_descent_step = 82
max_run_1 = 16
avg_v2 = 1.769231

Sequenza fino al massimo debito:
1,1,1,1,2,1,3,1,1,1,1,2,1,1,1,2,1,2,1,1,1,1,1,1,1,1,1,1,1,1,1,1,1,1

Sequenza fino al rientro sotto start:
1,1,1,1,2,1,3,1,1,1,1,2,1,1,1,2,1,2,1,1,1,1,1,1,1,1,1,1,1,1,1,1,1,1,4,2,3,1,2,1,1,3,1,2,1,1,1,2,5,1,1,1,1,2,1,1,1,3,1,1,1,1,3,6,1,2,1,1,2,2,1,1,3,2,3,4,1,2,3,2,1,3

========================================================================================================================
n = 3512991
classe mod 1024 = 671
max_debt = 13.852638
max_debt_step = 63
peak_step = 63
first_descent_step = 8
max_run_1 = 12
avg_v2 = 1.739437

Sequenza fino al massimo debito:
1,1,1,1,2,1,1,5,1,1,1,1,1,1,2,1,1,1,1,1,1,3,1,3,1,2,3,3,1,1,1,2,4,2,1,1,1,1,1,1,1,1,1,1,1,1,2,1,2,1,1,1,1,1,1,1,2,1,1,1,1,1,1

Sequenza fino al rientro sotto start:
1,1,1,1,2,1,1,5

========================================================================================================================
n = 3985387
classe mod 1024 = 1003
max_debt = 13.852638
max_debt_step = 63
peak_step = 63
first_descent_step = 3
max_run_1 = 7
avg_v2 = 1.730263

Sequenza fino al massimo debito:
1,2,2,1,1,1,2,1,3,1,2,1,1,1,2,1,2,1,1,1,2,1,1,3,1,1,1,1,1,1,1,3,1,1,1,1,1,2,3,1,1,1,1,2,1,1,1,1,1,1,1,2,1,2,2,1,2,2,2,1,1,1,1

Sequenza fino al rientro sotto start:
1,2,2

========================================================================================================================
n = 2084863
classe mod 1024 = 1023
max_debt = 13.816550
max_debt_step = 92
peak_step = 92
first_descent_step = 107
max_run_1 = 11
avg_v2 = 1.716049

Sequenza fino al massimo debito:
1,1,1,1,1,1,1,1,1,1,1,3,1,2,3,1,1,1,1,1,1,1,1,1,3,1,1,2,1,2,3,2,1,1,1,1,3,1,4,2,1,1,1,1,1,1,1,3,1,1,1,1,1,3,3,1,1,1,2,1,1,1,4,1,1,1,2,2,1,1,1,2,2,2,1,1,1,1,2,1,1,3,1,1,1,2,2,3,1,1,1,1

Sequenza fino al rientro sotto start:
1,1,1,1,1,1,1,1,1,1,1,3,1,2,3,1,1,1,1,1,1,1,1,1,3,1,1,2,1,2,3,2,1,1,1,1,3,1,4,2,1,1,1,1,1,1,1,3,1,1,1,1,1,3,3,1,1,1,2,1,1,1,4,1,1,1,2,2,1,1,1,2,2,2,1,1,1,1,2,1,1,3,1,1,1,2,2,3,1,1,1,1,6,1,1,3,2,3,1,1,1,1,1,1,5,5,10

========================================================================================================================
n = 565247
classe mod 1024 = 1023
max_debt = 13.813538
max_debt_step = 39
peak_step = 39
first_descent_step = 95
max_run_1 = 12
avg_v2 = 1.747899

Sequenza fino al massimo debito:
1,1,1,1,1,1,1,1,1,1,1,1,2,1,1,1,2,1,1,3,1,1,1,2,1,4,1,1,1,1,1,1,1,2,1,1,1,1,1

Sequenza fino al rientro sotto start:
1,1,1,1,1,1,1,1,1,1,1,1,2,1,1,1,2,1,1,3,1,1,1,2,1,4,1,1,1,1,1,1,1,2,1,1,1,1,1,3,2,1,1,5,2,2,2,3,2,4,1,1,1,1,1,2,1,1,1,1,1,1,2,1,2,2,3,1,1,2,2,1,1,3,1,3,1,2,1,2,1,8,1,3,1,1,2,1,1,1,1,1,1,6,3

========================================================================================================================
n = 3233107
classe mod 1024 = 339
max_debt = 13.813538
max_debt_step = 39
peak_step = 39
first_descent_step = 2
max_run_1 = 13
avg_v2 = 1.766667

Sequenza fino al massimo debito:
1,3,1,1,1,1,1,1,1,1,1,1,1,1,1,2,1,2,1,3,1,1,1,1,1,1,1,1,1,1,3,1,1,1,1,1,1,2,1

Sequenza fino al rientro sotto start:
1,3

========================================================================================================================
n = 577231
classe mod 1024 = 719
max_debt = 13.797000
max_debt_step = 80
peak_step = 80
first_descent_step = 95
max_run_1 = 7
avg_v2 = 1.720280

Sequenza fino al massimo debito:
1,1,1,3,1,1,1,1,1,2,1,1,1,1,1,1,1,3,1,1,2,1,2,1,1,1,2,1,1,1,1,4,1,1,2,1,1,1,2,3,1,1,1,1,2,1,3,2,2,1,2,2,1,1,2,1,1,1,2,1,2,1,1,1,2,5,2,1,1,1,1,1,1,2,1,1,2,1,1,1

Sequenza fino al rientro sotto start:
1,1,1,3,1,1,1,1,1,2,1,1,1,1,1,1,1,3,1,1,2,1,2,1,1,1,2,1,1,1,1,4,1,1,2,1,1,1,2,3,1,1,1,1,2,1,3,2,2,1,2,2,1,1,2,1,1,1,2,1,2,1,1,1,2,5,2,1,1,1,1,1,1,2,1,1,2,1,1,1,3,2,1,1,3,1,6,2,2,2,1,3,4,2,5

========================================================================================================================
n = 3751423
classe mod 1024 = 511
max_debt = 13.757900
max_debt_step = 56
peak_step = 56
first_descent_step = 27
max_run_1 = 12
avg_v2 = 1.748148

Sequenza fino al massimo debito:
1,1,1,1,1,1,1,1,3,1,1,1,1,1,3,1,3,1,2,3,3,1,1,1,2,4,2,1,1,1,1,1,1,1,1,1,1,1,1,2,1,2,1,1,1,1,1,1,1,2,1,1,1,1,1,1

Sequenza fino al rientro sotto start:
1,1,1,1,1,1,1,1,3,1,1,1,1,1,3,1,3,1,2,3,3,1,1,1,2,4,2

========================================================================================================================
n = 3775727
classe mod 1024 = 239
max_debt = 13.757900
max_debt_step = 56
peak_step = 56
first_descent_step = 80
max_run_1 = 12
avg_v2 = 1.730263

Sequenza fino al massimo debito:
1,1,1,2,1,1,1,1,1,3,1,4,1,3,1,1,1,2,1,1,1,2,1,1,1,1,1,2,2,1,1,2,1,1,2,1,1,4,1,1,1,1,1,1,1,1,1,1,1,1,2,2,1,1,1,1

Sequenza fino al rientro sotto start:
1,1,1,2,1,1,1,1,1,3,1,4,1,3,1,1,1,2,1,1,1,2,1,1,1,1,1,2,2,1,1,2,1,1,2,1,1,4,1,1,1,1,1,1,1,1,1,1,1,1,2,2,1,1,1,1,4,1,1,1,1,4,3,1,2,1,2,1,2,3,3,1,4,3,1,1,2,3,4,6

========================================================================================================================
n = 3888063
classe mod 1024 = 959
max_debt = 13.757900
max_debt_step = 56
peak_step = 56
first_descent_step = 82
max_run_1 = 9
avg_v2 = 1.792453

Sequenza fino al massimo debito:
1,1,1,1,1,2,1,2,1,2,1,1,2,2,1,1,2,1,2,1,2,1,1,2,3,1,1,1,1,1,1,1,1,1,2,1,2,1,1,1,3,1,1,1,2,1,1,1,1,1,2,2,1,2,1,1

Sequenza fino al rientro sotto start:
1,1,1,1,1,2,1,2,1,2,1,1,2,2,1,1,2,1,2,1,2,1,1,2,3,1,1,1,1,1,1,1,1,1,2,1,2,1,1,1,3,1,1,1,2,1,1,1,1,1,2,2,1,2,1,1,7,1,1,3,1,3,1,3,4,2,1,1,3,1,3,1,1,2,1,1,1,3,1,3,2,5

========================================================================================================================
n = 4255881
classe mod 1024 = 137
max_debt = 13.757900
max_debt_step = 56
peak_step = 56
first_descent_step = 1
max_run_1 = 7
avg_v2 = 1.737931

Sequenza fino al massimo debito:
2,1,1,2,1,1,1,2,1,2,1,1,1,2,1,1,3,1,1,1,1,1,1,1,3,1,1,1,1,1,2,3,1,1,1,1,2,1,1,1,1,1,1,1,2,1,2,2,1,2,2,2,1,1,1,1

Sequenza fino al rientro sotto start:
2

========================================================================================================================
n = 3827241
classe mod 1024 = 553
max_debt = 13.738350
max_debt_step = 44
peak_step = 44
first_descent_step = 1
max_run_1 = 12
avg_v2 = 1.742857

Sequenza fino al massimo debito:
2,1,1,1,1,2,1,1,1,2,1,1,1,1,1,2,2,1,1,2,1,1,2,1,1,4,1,1,1,1,1,1,1,1,1,1,1,1,2,2,1,1,1,1

Sequenza fino al rientro sotto start:
2

========================================================================================================================
n = 608111
classe mod 1024 = 879
max_debt = 13.721813
max_debt_step = 85
peak_step = 85
first_descent_step = 100
max_run_1 = 7
avg_v2 = 1.716216

Sequenza fino al massimo debito:
1,1,1,2,1,3,1,1,3,1,1,1,1,1,2,1,1,1,1,1,1,1,3,1,1,2,1,2,1,1,1,2,1,1,1,1,4,1,1,2,1,1,1,2,3,1,1,1,1,2,1,3,2,2,1,2,2,1,1,2,1,1,1,2,1,2,1,1,1,2,5,2,1,1,1,1,1,1,2,1,1,2,1,1,1

Sequenza fino al rientro sotto start:
1,1,1,2,1,3,1,1,3,1,1,1,1,1,2,1,1,1,1,1,1,1,3,1,1,2,1,2,1,1,1,2,1,1,1,1,4,1,1,2,1,1,1,2,3,1,1,1,1,2,1,3,2,2,1,2,2,1,1,2,1,1,1,2,1,2,1,1,1,2,5,2,1,1,1,1,1,1,2,1,1,2,1,1,1,3,2,1,1,3,1,6,2,2,2,1,3,4,2,5

========================================================================================================================
n = 425299
classe mod 1024 = 339
max_debt = 13.718800
max_debt_step = 32
peak_step = 32
first_descent_step = 2
max_run_1 = 12
avg_v2 = 1.876923

Sequenza fino al massimo debito:
1,3,1,1,1,1,1,1,2,1,1,2,1,1,1,1,1,1,1,1,1,1,1,1,2,1,1,1,1,1,1,1

Sequenza fino al rientro sotto start:
1,3

========================================================================================================================
n = 1409023
classe mod 1024 = 1023
max_debt = 13.718800
max_debt_step = 32
peak_step = 32
first_descent_step = 44
max_run_1 = 14
avg_v2 = 1.825581

Sequenza fino al massimo debito:
1,1,1,1,1,1,1,1,1,1,1,1,1,1,4,1,1,1,1,1,1,1,2,1,2,1,1,1,1,1,1,1

Sequenza fino al rientro sotto start:
1,1,1,1,1,1,1,1,1,1,1,1,1,1,4,1,1,1,1,1,1,1,2,1,2,1,1,1,1,1,1,1,7,3,4,5,1,2,1,3,1,1,2,3

========================================================================================================================
n = 3423871
classe mod 1024 = 639
max_debt = 13.718800
max_debt_step = 32
peak_step = 32
first_descent_step = 51
max_run_1 = 9
avg_v2 = 1.845238

Sequenza fino al massimo debito:
1,1,1,1,1,1,2,1,1,1,2,1,1,2,1,1,1,1,1,1,1,2,2,1,1,1,1,1,1,1,1,1

Sequenza fino al rientro sotto start:
1,1,1,1,1,1,2,1,1,1,2,1,1,2,1,1,1,1,1,1,1,2,2,1,1,1,1,1,1,1,1,1,3,1,2,1,3,3,2,1,1,2,6,2,4,2,1,1,1,6,4

========================================================================================================================
n = 2252031
classe mod 1024 = 255
max_debt = 13.705275
max_debt_step = 126
peak_step = 126
first_descent_step = 141
max_run_1 = 10
avg_v2 = 1.693878

Sequenza fino al massimo debito:
1,1,1,1,1,1,1,3,1,1,1,1,4,1,1,1,1,2,2,2,1,1,1,1,1,2,2,1,5,1,1,3,3,1,3,1,1,1,1,1,1,1,1,1,1,3,1,2,3,1,1,1,1,1,1,1,1,1,3,1,1,2,1,2,3,2,1,1,1,1,3,1,4,2,1,1,1,1,1,1,1,3,1,1,1,1,1,3,3,1,1,1,2,1,1,1,4,1,1,1,2,2,1,1,1,2,2,2,1,1,1,1,2,1,1,3,1,1,1,2,2,3,1,1,1,1

Sequenza fino al rientro sotto start:
1,1,1,1,1,1,1,3,1,1,1,1,4,1,1,1,1,2,2,2,1,1,1,1,1,2,2,1,5,1,1,3,3,1,3,1,1,1,1,1,1,1,1,1,1,3,1,2,3,1,1,1,1,1,1,1,1,1,3,1,1,2,1,2,3,2,1,1,1,1,3,1,4,2,1,1,1,1,1,1,1,3,1,1,1,1,1,3,3,1,1,1,2,1,1,1,4,1,1,1,2,2,1,1,1,2,2,2,1,1,1,1,2,1,1,3,1,1,1,2,2,3,1,1,1,1,6,1,1,3,2,3,1,1,1,1,1,1,5,5,10

========================================================================================================================
n = 1330431
classe mod 1024 = 255
max_debt = 13.682713
max_debt_step = 61
peak_step = 61
first_descent_step = 85
max_run_1 = 9
avg_v2 = 1.711656

Sequenza fino al massimo debito:
1,1,1,1,1,1,1,3,1,2,1,1,2,1,2,1,1,3,1,2,1,3,1,1,1,1,1,2,1,2,1,2,1,1,1,3,2,1,1,3,1,1,1,1,1,1,3,1,1,1,1,1,1,2,1,1,2,1,1,1,1

Sequenza fino al rientro sotto start:
1,1,1,1,1,1,1,3,1,2,1,1,2,1,2,1,1,3,1,2,1,3,1,1,1,1,1,2,1,2,1,2,1,1,1,3,2,1,1,3,1,1,1,1,1,1,3,1,1,1,1,1,1,2,1,1,2,1,1,1,1,6,4,2,1,1,2,1,2,2,4,2,1,4,1,2,2,1,4,1,1,1,3,1,3

========================================================================================================================
n = 3843753
classe mod 1024 = 681
max_debt = 13.682713
max_debt_step = 61
peak_step = 61
first_descent_step = 1
max_run_1 = 7
avg_v2 = 1.748148

Sequenza fino al massimo debito:
2,1,1,1,1,1,1,1,3,1,1,2,2,2,1,3,1,1,2,1,1,1,2,1,1,2,1,1,1,2,1,1,1,1,2,2,1,1,1,2,1,1,2,1,1,1,1,1,2,1,4,2,1,1,1,1,2,1,1,1,1

Sequenza fino al rientro sotto start:
2

========================================================================================================================
n = 3977719
classe mod 1024 = 503
max_debt = 13.682713
max_debt_step = 61
peak_step = 61
first_descent_step = 3
max_run_1 = 12
avg_v2 = 1.726115

Sequenza fino al massimo debito:
1,1,3,2,1,1,1,1,2,1,1,1,1,1,3,1,4,1,3,1,1,1,2,1,1,1,2,1,1,1,1,1,2,2,1,1,2,1,1,2,1,1,4,1,1,1,1,1,1,1,1,1,1,1,1,2,2,1,1,1,1

Sequenza fino al rientro sotto start:
1,1,3
